"              precision    recall  f1-score   support

           0       0.19      0.19      0.19     39384
           1       0.13      0.13      0.13     26499
           2       0.09      0.09      0.09     17943
           3       0.56      0.55      0.56    115115
           4       0.01      0.01      0.01      2829
           5       0.01      0.01      0.01      2143
           6       0.02      0.02      0.02      1843
           7       0.00      0.00      0.00       466

    accuracy                           0.37    206222
   macro avg       0.13      0.13      0.13    206222
weighted avg       0.37      0.37      0.37    206222
"
